01.3
02.3
03.1
04.2
05.2
06.3
07.1
08.4
09.3
10.3
11.3
12.3
13.2
14.4
15.2
16.4
17.3
18.2
19.2
20.4
21.2
22.4
23.3
24.3
25.3
26.3
27.3
28.4
29.2
30.2
31.4
32.3
33.2
34.3  
35.4  
36.5  
37.1  
38.5  
39.3
40.3
41.3
42.2
43.4
44.3
45.2
46.2
47.4
48.2
49.4
50.2
51.4
52.3
53.2
54.4
55.1
56.3
57.4
58.4 ?? 3 y = 0 ?? 
59.1
60.2
61.2
62.4
63.5
64.2
65.4
66.3
67.3
68.4
69.8
70.4
71.1
72.5
73.3
74.7
75.1
76.3,4
77.1,3,4
78.1,5
79.2,4
80.1
81.1,3
82.1,2,6
83.1,3
84.1,2,4,5
85.2,4,5
86.1,4,6
87.1,3,4
88.1,4
89.1,4,6,8
90.1,3
91.1,5
92.1,6
93.5,6
94.1,5
95.2,4,5
96.1,3,4
97.1,4
98.2,5,6
99.1,3,4
100. 4
101. 123,45
102. 2,3
103. if (X > 0) Y = X-1; else Y = 10;
104. z = sqrt(pow(x,2*n)+pow(y,2*m));
105. 4,3
106. uvecanvaje / jedan (1)
107. 10,30
108. Petar\0, Misa\0, Slavko\0
109. oktal, karakter, heksadecimal, float (double) sa eksponentom
110. 800, 4
111. 7,6,3,2,4
112. i = 1; i < n; i++, A[i] = A[i-1] + i;
113. i < n-1, i++, p[i] = p[i-1];
114. n, k, (n-1)-k
115. m,0,k
116. 5,10 / 5,7
117. n,m-1,k
118. int x = Saberi(10,50,4);
119. zelena zvezda, zelengora
120. bin, SEEK_END, SEEN_CUR
121. 1. 100 2. 100 3. 8 4.4
122. s1= "planarna geometrija", s1="plan",s2="biografijaplanarna geometrija", s2="geo"
123. 1. 2.50 2. 2.0 3. -1 4. 0 5. 1 6. 3
124. p[n-1], >= 0; i-- , p[i+1] = p[i], p[0] = pom;
125. 40 60 40
126. MSService, Message Service, Service
127. 21 11 10 
128. 19 35 a+3
129. 82 34 a+3
130. 1 3 4
131. 3 4 2 1
132. 3 4 2 1
133. 4 6 5 1
134. 3 2 5 1
135. 3 1 4 2
136. 5? 4 1 5? 8 bytes - jedan pointer
137. 3 1 2 5
138. 1 3 5 2
139. 5 1 3 1
140. 2 4 6 1
141. 3 2 4 1
142. 1 2 4 8 7
143. 5 2 1 3 4
144. 3 2 4 3 4 1
145. 4 6 1 7 2 3 5 8
146. 6 5 7 2 4 1
147. 5 2 6 1 4 3
148. 3 6 1 5 2 4
149. 3
150. 4
151. 1
152. 3
153. 1
154. 2
155. 3
156. 2
157. 1
158. 3
159. 4
160. 2
161. 3
162. 1 2 4
163. 1
164. 3
165. 3
166. 2
167. 1
168. 2
169. 2
170. 3
171. 3
172. 2
173. 1
174. 2
175. 2
176. 4
177. 4
178. 3
179. 2
180. 4
181. 1
182. 2
183. 5
184. 5
185. 4 
186. 2
187. 4
188. 4
189. 2
190. 1
191. 3
192. 4
193. 2
194. 3
195. 1
196. 3
197. 4
198. 1
199. 4
200. 1
201. 1
202. 2
203. 4
204. 2
205. 1
206. 3
207. 2,4
208. 2,3,6
209. 2
210. 2,3,5,6
211. 3,5,6
212. 3,5,6,7,8,9
213. 1,2
214. 2,4
215. 2,3
216. 2,4
217. 1,4
218. 4
219. 1,2
220. 4
221. 1,3
222. 1
223. 4
224. 4
225. 3
226. 3
227. private , reflection
228. override, sealed
229. catch, finally, try
230. 12, 24
231. D1, D2, D1, R2
232. 10, 20, 20, 30, 20, 10
233. 3, 1, 2
234. 3, 4, 1, 2
235. 3, 1, 4, 2
236. 4, 5, 1, 3, 2 
237. 3, 1, 1, 2, 1
238. 4
239. 1
240. 1
241. 1 
242. 3
243. 2
244. 2
245. 3
246. 1
247. 1
248. 3
249. 4
250. 4
251. 3
252. 1
253. 3
254. 3
255. 4
256. 1
257. 2
258. 2
259. 1
260. 3
261. 3
262. 1
263. 2
264. 2
265. 2
266. 3
267. 4
268. 4
269. 3
270. 4
271. 1
272. 2
273. 4
274. 1
275. 1
276. 1
277. 4
278. 2
279. 2
280. 3
281. 5
282. 4
283. 4
284. 1
285. 3
286. 4
287. 2
288. 1 
289. 2
290. 1
291. 4
292. 2
293. 1
294. 2
295. 4
296. 2, 3, 6
297. 1, 4
298. 2, 3, 5, 6
299. 2, 3, 5
300. 1, 2
301. 3, 5, 6, 7, 8, 9
302. 2, 4
303. 2, 4
304. 2, 3
305. 1, 4
306. 1, 2
307. 1
308. 2, 3
309. 4
310. 1, 3
311. 4
312. 1
313. 3
314. 3
315. setter, getter (set ,get)
316. imena
317. catch, finally, try
318. 12, 12
319. 10, 20, 10, 30, 20, 10
320. 3, 1, 2
321. 3, 1, 4, 2
322. 1, 4, 3, 2
323. 4, 5, 1, 3, 2
324. 3, 1, 1, 2, 1
325. 2
326. 2
327. 2
328. 2
329. 2
330. 2
331. 2
332. 4
333. 2
334. 3
335. 3
336. 3
337. 1
338. 3
339. 1
340. 1
341. 3
342. 1, 5, 6
343. 3
344. <link ref="stylesheet" type="text/css" href="style.css">
345. 3, 4, 1, 2
346. 5, 2, 6, 1, 3, 4   
347. 2, 3, 1, 4
348. 3, 4, 1, 2
349. 2, 3, 4, 1
350. 4, 1, 2, 3
351. 4, 2, 1, 5, 3
352. 6, 4, 2, 1, 3, 5
353. 3
354. 4
355. 2
356. 3
357. 2
358. 4
359. 1
360. 4
361. 1
362. 2
363. 3
364. 2
365. 4
366. 2, 4
367. 1, 2, 4
368. 1
369. Customer, Details, 5
370. 1, 4, 3, 2
371. 3, 4, 2, 1
372. 4, 3, 1, 2
373. 3, 4, 1, 2
374. 2
375. 2
376. 3
377. 1, 4
378. 3
379. 2
380. 3
381. 2
382. 4
383. 3
384. 2
385. 1
386. 2
387. 4
388. 4
389. 4
390. 3
391. 3
392. 3
393. 4
394. 2
395. 2
396. 3
397. 4
398. 5
399. 1
400. 2
401. 4
402. 2
403. 3
404. 1
405. 1
406. 1
407. 3
408. 3
409. 3
410. 1
411. 2
412. 3
413. 4
414. 2
415. 1
416. 3
417. 3
418. 2
419. 3
420. 1
421. 2
422. 2
423. 2
424. 1
425. 3
426. 3
427. 2
428. 4
429. 1
430. 1
431. 2
432. 1
433. 2
434. 5
435. 1
436. 1
437. 3
438. 2
439. 2
440. 3
441. 4
442. 4
443. 4
444. 2
445. 1
446. 2
447. 2
448. 1
449. 4
450. 4
451. 3
452. 3
453. 4
454. 1
455. 1
456. 3
457. 3
458. 2
459. 4
460. 1
461. 4
462. 3
463. 1
464. 1
465. 3
466. 3
467. 3
468. 3
469. 1
470. 3
471. 4
472. 4
473. 2
474. 3
475. 2
476. 3
477. 2
478. 1
479. 1, 3, 4
480. 1, 4
481. 1, 2, 5
482. 2
483. 2, 4
484. 1, 3
485. 2, 4
486. 1
487. 2
488. 3
489. 2, 4
490. 1, 2 
491. 2, 3
492. programa sa obradu i konrolisanje podataka
493. relacioni upitni jezik (SQL)
494. relacionu
495. tabela
496. elementarnoj
497. relacionoj
498. nezanvisnoj
499. zavisni
500. 3
501. kompjuterski generisana, korisnika
502. pre , posle
503. strukturna, integritetska, operacijska
504. 3, 5, 1, 2, 4
505. 4, 3, 1, 5, 2
506. 2, 3, 1
507. 2, 3, 1
508. 4, 3, 2, 1, 5   // where odeljenje.bord is null ??