1. 4
2. 1
3. 4
4. 4
5. 3
6. 5
7. 4
8. 2
9. 2
10. 3
11. 1
12. 1
13. 4
14. 1
15. 4
16. 2
17. 3
18. 4
19. 3
20. 2
21. 3
22. 3,4
23. 1,4
24. 3,4
25. 2,5,6
26. 2,4,5
27. 1,2,4,5
28. 1,3,6
29. 3,5,6
30. 1,3,4
31. 3,4
32. 1,3
33. 1,5
34. 2,4
35. 1,2,4,6
36. 1,5
37. 1,4
38. 1,5
39. 2,4
40. 2,6
41. 1,3
42. x = 123, y = 45
43. a = 4, b = 3
44. x = 10, y = 20
45. 1) x = 100 2) x = 100 3) x = 9 4) x = 3
46. N,x,M-1
47. < n-1, i++, p[i] = p[i+1]
48. M, 0, k
49. 2.5, 2, -1, error, 1, 3
50. p[n-1], i >= 0, i--, p[i+1] = p[i], p[0] = pom
51. i > k; i--, p[i+1] = p[i], p[k] = x
52. i=1, i<n, p[i] = p[i-1]+i;
53. x=40,y=60,z=40
54. x=45, y=20, pa = a+3
55. x=13, y=96, pa = a+3
56. a=21,b=11,c=10
57. s1 = SMService, s2 = Message Service (ili samo ice), s3 = Service
58. -,+,0,#
59. 3,1,4,2
60. 3,1,2,4
61. 4,6,5,1
62. 3,2,5,1
63. 3,1,2,5
64. 1,3,5,2
65. 3,2,1,1 ??
66. 3,8,4,1,1
67. 5,2,1,3,4
68. 3,6,1,5,2,4
69. 6,5,7,2,4,1
70. 2,4,6,1
// C#
71. 4
72. 3
73. 1
74. 3
75. 2
76. 2
77. 1
78. 4
79. 2
80. 1
81. 4
82. 4
83. 1
84. 3
85. 4
86. 1,4 ?
87. 3
88. 4
89. 3
90?. 3
91. 1
92. 3
93. 2
94. 1,2,4
95. 2,5
96. 2,3,5
97. 3,6
98. 3,5,9
99. 1,3
100. 1,4
101. 2,4,5
102. 1,3
103. 2,4
104. 2,4
105. 3,4
106. 2,3
107. 2,5
108. catch, finally, try
109. 10, 200, 250
110?. 10, 200, 250
111.  10, 20, 10, 30, 20, 10
112.  D1, D2,  D1, R2
113. 3, 4, 1, 2
114. 3, 1, 4, 2
115. 4, 5, 1, 3, 2
// JAVA - SKROZ ISTO KAO I C#
116. 4
117. 3
118. 1
119. 3
120. 2
121. 2
122. 1
123. 4
124. 2
125. 1
126. 4
127. 4
128. 1
129. 3
130. 4
131. 1,4 ?
132. 3
133. 4
134. 3
135?. 3
136. 1
137. 3
138. 2
139. 1,2,4
140. 2,5
141. 2,3,5
142. 3,6
143. 3,5,9
144. 1,3
145. 1,4
146. 2,4,5
147. 1,3
148. 2,4
149. 2,4
150. 3,4
151. 2,3
152. 2,5
153. catch, finally, try
154. 10, 200, 250
155?. 10, 200, 250
156.  10, 20, 10, 30, 20, 10
157.  D1, D2,  D1, R2
158. 3, 4, 1, 2
159. 3, 1, 4, 2
160. 4, 5, 1, 3, 2
// Veb dizajn
161. 2
162. 2
163. 2
164. 2
165. 3
166. 2
167. 3
168. 3
169. 2
170. 1
171. 2
172. 4
173. 3
174. 1
175. 1,3
176. 1,3
177. 1,4,5
178. 1,3,4
179. <link rel="stylesheet" type="text/css" href="style.css"/>
180. 3,4,1,2
181. 2,3,4,1
182. 4,1,2,3
183. 4,3,1,2
184. 3,4,2,1
185. 5,2,1,4,3
186. 6,3,2,1,4,5
187. 5,2,6,1,3,4
// Veb programiranje
188. 1
189. 4
190. 3
191. 4
192. 4
193. 1
194. 4
195. 2
196. 1
197. 1,3,5
198. 1,2,3
199. 1,3
200. 1,2,5
201. 1,4,5
202. 1,3,6
203. Customer, Details, 5
204. 3,4,2,1
205. 4,3,1,2
206. 4,2,3,1
207. 3,4,1,2
// Baze podataka
208. 2
209. 3
210. 2
211. 2
212. 4
213. 2
214. 1
215. 2
216. 4
217. 3
218. 4
219. 3
220. 1
221. 1
222. 4
223. 2
224. 3
225. 2
226. 4
227. 1,2,6
228. 2,3,5
229. 1,2,5
230. 1,3,4
231. 1,3
232. 3,4
233. 3,5
234. 1(?)
235. 4
236. 3,4
237. 1,3
238. 3,5
239. 1,4
240. 1,2
241. 1,3
242. 3,5,6
243. 1,3,4
244. 1,3,4
245. 3
246. 1,3,6
247. dugroj
248. prvoj
249. trecoj
250. 2,1,3
251. 3,5,2,4,1
252. 1:M, 1:1, 1:1, M:M, 1:1
253. 4,3,1,5,2
254. 3,2,1
255. 2,3,1
256. 3,2,4,1,2,1
257. 2,4,3
